ID disciplina horario carga    turma  curso  turno  semestre  entrada   num.t  num.a  num.r  num.d   media.t media.a  media.r  media.d  media.freq.t media.freq.a media.freq.r 	media.freq.d
1	3	2.50	2	1077	2	1	1	2	42.00	0.81	0.14	0.05	7.2	8.4	2.6	0.0	11.1	4.0	22.5	97.5
2	3	2.00	2	1077	2	1	1	2	44.00	0.36	0.61	0.02	5.3	7.6	4.1	0.0	14.5	6.6	16.7	85.0
3	4	1.50	2	1077	2	1	1	2	40.00	0.90	0.07	0.03	7.5	8.0	3.9	0.0	9.2	4.8	32.5	97.5
4	2	5.00	1	1077	2	1	1	2	44.00	0.52	0.45	0.02	5.6	7.7	3.4	0.0	11.8	8.9	12.0	75.0
4	2	5.00	1	1077	2	1	1	2	44.00	0.52	0.45	0.02	5.6	7.7	3.4	0.0	11.8	8.9	12.0	75.0
5	2	1.50	2	1077	2	1	1	2	44.00	0.50	0.48	0.02	6.4	7.8	5.2	0.0	10.2	5.2	11.2	100.0
6	5	0.00	2	1077	2	1	1	2	42.00	0.81	0.17	0.02	7.4	8.5	2.8	0.0	11.1	4.1	32.5	97.5
7	3	3.50	2	1077	2	1	1	2	32.00	0.75	0.22	0.03	6.6	7.7	4.0	0.0	17.8	10.8	31.4	90.0
8	3	2.25	4	1077	2	1	1	2	44.00	0.36	0.61	0.02	6.0	7.9	5.0	0.0	6.4	1.3	5.9	100.0
9	1	3.50	4	1077	2	1	1	2	44.00	0.25	0.73	0.02	4.4	7.7	3.4	0.0	10.3	3.5	9.8	100.0
10	5	0.00	1	1077	2	1	1	2	43.00	0.58	0.40	0.02	6.3	8.1	3.9	3.0	6.1	1.6	8.4	78.3
11	1	1.50	2	1077	2	1	1	2	44.00	0.39	0.57	0.05	5.3	7.5	4.3	0.3	12.8	6.2	11.3	87.5
12	2	6.00	1	1077	2	1	1	2	41.00	0.95	0.00	0.05	7.6	8.0	NaN	0.0	4.4	0.0	NaN	90.0
13	3	1.50	2	1076	2	1	2	2	28.00	0.46	0.43	0.11	5.1	7.2	3.8	1.0	25.8	8.7	30.8	80.0
13	3	5.50	2	1076	2	1	2	2	28.00	0.46	0.43	0.11	5.1	7.2	3.8	1.0	25.8	8.7	30.8	80.0
14	4	1.50	2	1076	2	1	2	2	31.00	0.81	0.19	0.00	7.6	8.3	4.9	NaN	15.4	12.2	28.8	NaN
15	1	4.33	3	1076	2	1	2	2	30.00	0.90	0.10	0.00	7.3	7.5	5.2	NaN	3.4	2.2	15.0	NaN
15	1	1.33	3	1076	2	1	2	2	30.00	0.90	0.10	0.00	7.3	7.5	5.2	NaN	3.4	2.2	15.0	NaN
15	1	1.33	3	1076	2	1	2	2	30.00	0.90	0.10	0.00	7.3	7.5	5.2	NaN	3.4	2.2	15.0	NaN
16	2	1.00	1	1076	2	1	2	2	38.00	0.71	0.26	0.03	6.3	7.6	3.4	0.0	19.5	14.6	25.5	90.0
16	2	3.00	1	1076	2	1	2	2	38.00	0.71	0.26	0.03	6.3	7.6	3.4	0.0	19.5	14.6	25.5	90.0
17	2	5.50	2	1076	2	1	2	2	37.00	0.62	0.38	0.00	5.9	7.7	2.9	NaN	17.0	7.9	31.8	NaN
17	2	3.50	2	1076	2	1	2	2	37.00	0.62	0.38	0.00	5.9	7.7	2.9	NaN	17.0	7.9	31.8	NaN
18	2	1.50	2	1076	2	1	2	2	18.00	0.89	0.11	0.00	7.2	7.9	1.6	NaN	2.8	1.9	10.0	NaN
18	2	2.50	2	1076	2	1	2	2	18.00	0.89	0.11	0.00	7.2	7.9	1.6	NaN	2.8	1.9	10.0	NaN
19	3	3.50	2	1076	2	1	2	2	20.00	0.55	0.30	0.15	5.6	8.9	2.2	0.4	29.0	8.6	42.1	77.5
19	3	3.50	2	1076	2	1	2	2	20.00	0.55	0.30	0.15	5.6	8.9	2.2	0.4	29.0	8.6	42.1	77.5
19	3	3.50	2	1076	2	1	2	2	20.00	0.55	0.30	0.15	5.6	8.9	2.2	0.4	29.0	8.6	42.1	77.5
19	3	3.50	2	1076	2	1	2	2	20.00	0.55	0.30	0.15	5.6	8.9	2.2	0.4	29.0	8.6	42.1	77.5
20	3	3.50	2	1076	2	1	2	2	10.00	0.80	0.10	0.10	7.2	8.2	6.2	0.0	12.0	0.6	20.0	95.0
20	3	3.50	2	1076	2	1	2	2	10.00	0.80	0.10	0.10	7.2	8.2	6.2	0.0	12.0	0.6	20.0	95.0
20	3	3.50	2	1076	2	1	2	2	10.00	0.80	0.10	0.10	7.2	8.2	6.2	0.0	12.0	0.6	20.0	95.0
20	3	3.50	2	1076	2	1	2	2	10.00	0.80	0.10	0.10	7.2	8.2	6.2	0.0	12.0	0.6	20.0	95.0
21	3	6.00	2	1076	2	1	2	2	36.00	0.78	0.22	0.00	6.6	7.4	3.8	NaN	12.8	9.9	22.9	NaN
21	3	2.00	3	1076	2	1	2	2	36.00	0.78	0.22	0.00	6.6	7.4	3.8	NaN	12.8	9.9	22.9	NaN
22	1	1.50	2	1076	2	1	2	2	15.00	0.13	0.87	0.00	3.2	7.5	2.5	NaN	11.6	3.3	12.8	NaN
22	1	5.33	3	1076	2	1	2	2	15.00	0.13	0.87	0.00	3.2	7.5	2.5	NaN	11.6	3.3	12.8	NaN
22	1	5.33	3	1076	2	1	2	2	15.00	0.13	0.87	0.00	3.2	7.5	2.5	NaN	11.6	3.3	12.8	NaN
23	5	0.00	3	1076	2	1	2	2	24.00	0.29	0.71	0.00	4.1	7.4	2.8	NaN	21.2	11.2	25.4	NaN
24	5	0.00	2	1076	2	1	2	2	32.00	0.28	0.72	0.00	4.9	7.8	3.8	NaN	13.3	6.4	16.0	NaN
25	5	0.00	2	1076	2	1	2	2	37.00	0.27	0.65	0.08	4.5	7.5	3.8	0.5	26.5	7.0	27.8	80.8
26	1	3.67	3	1076	2	1	2	2	30.00	0.20	0.80	0.00	3.8	7.9	2.8	NaN	23.2	10.4	26.4	NaN
26	1	1.50	2	1076	2	1	2	2	30.00	0.20	0.80	0.00	3.8	7.9	2.8	NaN	23.2	10.4	26.4	NaN
27	2	4.00	1	1076	2	1	2	2	31.00	1.00	0.00	0.00	8.3	8.3	NaN	NaN	0.0	0.0	NaN	NaN
27	2	5.00	1	1076	2	1	2	2	31.00	1.00	0.00	0.00	8.3	8.3	NaN	NaN	0.0	0.0	NaN	NaN
28	4	1.00	1	1075	2	1	5	2	19.00	0.79	0.16	0.05	6.9	8.3	1.8	1.9	19.7	13.0	35.0	75.0
29	1	4.00	2	1075	2	1	5	2	20.00	0.70	0.30	0.00	7.3	8.8	3.7	NaN	15.5	7.1	35.0	NaN
29	1	4.00	3	1075	2	1	5	2	20.00	0.70	0.30	0.00	7.3	8.8	3.7	NaN	15.5	7.1	35.0	NaN
30	2	2.00	1	1075	2	1	5	2	20.00	0.75	0.20	0.05	6.1	7.7	1.6	0.0	20.0	8.3	43.8	100.0
30	2	4.00	1	1075	2	1	5	2	20.00	0.75	0.20	0.05	6.1	7.7	1.6	0.0	20.0	8.3	43.8	100.0
32	2	5.50	2	1075	2	1	5	2	22.00	0.86	0.14	0.00	7.4	8.2	2.0	NaN	2.7	0.8	15.0	NaN
32	2	3.50	2	1075	2	1	5	2	22.00	0.86	0.14	0.00	7.4	8.2	2.0	NaN	2.7	0.8	15.0	NaN
33	3	3.50	2	1075	2	1	5	2	20.00	0.90	0.05	0.05	7.9	8.4	4.6	1.1	10.8	5.3	40.0	80.0
33	3	5.50	2	1075	2	1	5	2	20.00	0.90	0.05	0.05	7.9	8.4	4.6	1.1	10.8	5.3	40.0	80.0
34	1	4.50	2	1075	2	1	5	2	20.00	0.70	0.25	0.05	5.5	7.3	1.6	0.0	18.2	5.8	41.7	75.0
35	5	0.00	1	1075	2	1	5	2	17.00	0.94	0.06	0.00	9.1	9.5	2.5	NaN	5.3	3.1	40.0	NaN
36	5	0.00	2	1075	2	1	5	2	23.00	0.57	0.30	0.13	5.7	8.0	4.0	0.0	18.2	1.7	14.3	98.3
37	5	0.00	2	1075	2	1	5	2	22.00	0.82	0.14	0.05	7.0	7.8	4.6	0.0	13.8	9.3	18.3	80.0
38	5	0.00	3	1075	2	1	5	2	15.00	1.00	0.00	0.00	8.2	8.2	NaN	NaN	5.3	5.3	NaN	NaN
39	5	0.00	2	1075	2	1	5	2	22.00	0.86	0.09	0.05	7.2	8.4	0.0	0.0	12.6	5.3	52.5	72.5
40	5	0.00	2	1075	2	1	5	2	22.00	0.91	0.05	0.05	7.4	7.9	4.4	0.0	13.2	7.6	45.0	92.5
41	5	0.00	2	1075	2	1	5	2	24.00	0.38	0.58	0.04	5.8	7.4	5.1	0.0	15.4	10.0	13.2	95.0
42	1	3.50	2	1075	2	1	5	2	20.00	0.65	0.25	0.10	5.6	7.7	2.4	0.1	19.9	6.9	28.5	82.5
43	2	3.00	1	1075	2	1	5	2	18.00	0.94	0.06	0.00	8.1	8.3	4.0	NaN	0.0	0.0	0.0	NaN
44	3	3.50	2	2075	2	2	4	1	29.00	0.66	0.31	0.03	6.6	7.8	4.8	0.0	17.5	6.1	32.8	97.5
44	3	5.50	2	2075	2	2	4	1	29.00	0.66	0.31	0.03	6.6	7.8	4.8	0.0	17.5	6.1	32.8	97.5
45	4	3.50	2	2075	2	2	4	1	24.00	0.92	0.08	0.00	8.7	9.2	3.4	NaN	9.6	7.8	28.8	NaN
46	1	3.67	3	2075	2	2	4	1	33.00	0.45	0.36	0.18	4.8	8.4	2.6	0.2	31.6	7.8	31.5	91.1
46	1	3.67	3	2075	2	2	4	1	33.00	0.45	0.36	0.18	4.8	8.4	2.6	0.2	31.6	7.8	31.5	91.1
47	2	5.50	2	2075	2	2	4	1	33.00	0.85	0.12	0.03	7.1	7.8	3.6	0.0	14.8	7.7	43.8	100.0
47	2	1.50	2	2075	2	2	4	1	33.00	0.85	0.12	0.03	7.1	7.8	3.6	0.0	14.8	7.7	43.8	100.0
48	2	1.50	2	2075	2	2	4	1	32.00	0.81	0.16	0.03	7.1	8.3	2.0	0.0	10.2	3.9	24.5	100.0
48	2	1.50	2	2075	2	2	4	1	32.00	0.81	0.16	0.03	7.1	8.3	2.0	0.0	10.2	3.9	24.5	100.0
49	3	4.50	2	2075	2	2	4	1	18.00	0.89	0.11	0.00	7.9	8.4	3.6	NaN	12.6	7.8	51.2	NaN
49	3	4.50	2	2075	2	2	4	1	18.00	0.89	0.11	0.00	7.9	8.4	3.6	NaN	12.6	7.8	51.2	NaN
49	3	1.50	2	2075	2	2	4	1	18.00	0.89	0.11	0.00	7.9	8.4	3.6	NaN	12.6	7.8	51.2	NaN
49	3	1.50	2	2075	2	2	4	1	18.00	0.89	0.11	0.00	7.9	8.4	3.6	NaN	12.6	7.8	51.2	NaN
50	3	4.50	2	2075	2	2	4	1	7.00	0.71	0.00	0.29	5.6	7.9	NaN	0.0	30.0	2.0	NaN	100.0
50	3	4.50	2	2075	2	2	4	1	7.00	0.71	0.00	0.29	5.6	7.9	NaN	0.0	30.0	2.0	NaN	100.0
50	3	1.50	2	2075	2	2	4	1	7.00	0.71	0.00	0.29	5.6	7.9	NaN	0.0	30.0	2.0	NaN	100.0
50	3	1.50	2	2075	2	2	4	1	7.00	0.71	0.00	0.29	5.6	7.9	NaN	0.0	30.0	2.0	NaN	100.0
51	3	2.00	3	2075	2	2	4	1	33.00	0.48	0.39	0.12	5.1	7.9	3.1	0.2	22.9	7.8	20.5	90.8
51	3	2.00	3	2075	2	2	4	1	33.00	0.48	0.39	0.12	5.1	7.9	3.1	0.2	22.9	7.8	20.5	90.8
52	1	2.00	3	2075	2	2	4	1	27.00	0.33	0.59	0.07	4.7	8.5	3.1	0.7	19.0	5.0	19.1	81.7
52	1	3.33	3	2075	2	2	4	1	27.00	0.33	0.59	0.07	4.7	8.5	3.1	0.7	19.0	5.0	19.1	81.7
53	5	0.00	2	2075	2	2	4	1	33.00	0.67	0.33	0.00	6.6	8.0	3.8	NaN	10.4	6.2	18.6	NaN
54	5	0.00	4	2075	2	2	4	1	34.00	0.62	0.35	0.03	6.1	7.6	4.0	0.0	15.8	8.2	22.5	95.0
55	1	1.33	3	2075	2	2	4	1	31.00	0.45	0.55	0.00	5.4	7.9	3.4	NaN	18.5	10.4	25.3	NaN
56	4	6.00	1	2074	2	2	6	1	27.00	0.85	0.15	0.00	7.8	9.0	1.0	NaN	13.0	11.1	23.8	NaN
57	2	4.00	2	2074	2	2	6	1	25.00	0.92	0.08	0.00	7.8	8.3	2.3	NaN	2.6	2.4	5.0	NaN
58	3	1.50	2	2074	2	2	6	1	29.00	0.83	0.10	0.07	6.8	7.8	2.2	1.7	18.4	11.8	28.3	82.5
59	1	4.33	3	2074	2	2	6	1	23.00	0.74	0.26	0.00	7.0	8.1	3.8	NaN	8.7	6.8	14.2	NaN
60	5	0.00	2	2074	2	2	6	1	27.00	0.93	0.07	0.00	7.7	8.2	1.9	NaN	11.3	10.5	21.2	NaN
61	5	0.00	2	2074	2	2	6	1	24.00	0.71	0.29	0.00	6.4	7.8	2.9	NaN	14.6	7.5	31.8	NaN
62	5	0.00	2	2074	2	2	6	1	21.00	0.95	0.05	0.00	7.7	7.9	2.0	NaN	5.2	3.5	40.0	NaN
63	5	0.00	2	2074	2	2	6	1	24.00	0.92	0.08	0.00	7.2	7.7	1.9	NaN	6.0	3.4	35.0	NaN
64	1	5.50	2	2074	2	2	6	1	25.00	0.96	0.04	0.00	7.6	7.9	0.0	NaN	6.0	6.2	0.0	NaN
